1588072002991988741
1588670032288288769
1589417535497154560
1589646682710417408
1589648898695794689
1589649285880385536
1590146663473381376
1590749237524201472
1591142426034720773
1591327015810269185
1591585984747286528
1592159017270677504
1592186302379982849
1592725821114159106
1593537112933953536
1593541675791417346
1594470952187805696
1595229292061155330
1595320111635628033
1595327001560170496
1595514947357679616
1596076414138306560
1596078665846394881
1596085077183991808
1597141451229474816
1597179125562679296
1597302404239659008
1598781950478716928
1598917599106306048
1600291764447113217
1600292002792636416
1602305628734599168
1602417226690093057
1602462259074445312
1602948868248936448
1603984097113538560
1604345722001817600
1605352537233694721
1608921656629813249
1609261649269256193
1614822040929964032
1614829626588536832
1614853510541234180
1619489842785837056
1621988107603116033
1624434910474952706
1624695287880228864
1624920846166007808
1624983121576722434
1628491148124884992
1629652897775378433
1630295008870907904
1630301689818275840
1632485970967707648
1632487656742420483
1632576604101566464
1632578926936571904
1633147320056557569
1633155636996485120
1633159188787658757
1634658739335704577
1634659471803785223
1634686692484345857
1636460218832789514
1637513397016117249
1638469802070245376
1642962169607393280
1642996528381042688
1643002171942916096
1643021267157803008
1643331427503677444
1645558046804828162
1645558389982785536
1645559315275862017
1646762520697352194
1651481686838788096
1651484221708333060
1652857917853294593
1656900119202254854
1657261624867299339
1657421421545500673
1661482586424885248
1662736529096163328
1664611427850518531
1664742794135470083
1666484466506760193
1666970442605924352
1666971942237372418
1666976828765143040
1667445013188419584
1669162882859433984
1669989020586082305
1672607239608172544
1681131102344183808
1687562427624484864
1700256395822772637
1704907774684229906
1710466289171365898
1711033701415432245
1711055507467772083
1713697591911682064
1724045717914718452
1726393024249258119
1729352040088744233
1729511790638145918
1729512960937042038
1730765017451004103
1744519626367623579
1744524285601816878
1760849418591547618
1761145071175372838
1761812459982111106
1765035782774137074
1765439553735696833
1765523497764495843
1765774926223442301
1767120132378083391
1767256747540893893
1774877987759948085
1776352467636376027
1777404965557768647
1777738625750384930
1781380620267954569
1782622746179936353
1787523801070326120
1788995750010995079
1792647374122176605
1793526631983890586
1794971826042355802
1797126632714772759
1797174479736414490
1800757059820064932
1801006196725371344
1801058908230078657
1801313056783253877
1812297671119638647
1813988055427989508
1813990001962877171
1817104797511635402
1817767574592950763
1817928273260904742
1818356844752175574
1820285699410559242
1821471603819212836
