1 31 0
2 26 0
3 15 0
4 23 0
5 39 0
6 32 0
7 25 0
8 16 0
9 31 0
10 30 0
11 39 0
12 30 0
13 49 0
14 36 0
15 55 0
16 19 0
17 29 0
18 33 0
19 41 0
20 28 0
21 32 0
22 29 0
23 84 0
24 19 0
25 30 0
26 31 0
27 36 0
28 42 0
29 20 0
30 21 0
31 32 0
32 47 0
33 47 0
34 26 0
35 7 0
36 13 0
37 8 0
38 56 0
39 39 0
40 18 0
41 36 0
42 43 0
43 57 0
44 26 0
45 47 0
46 53 0
47 54 0
48 34 0
49 20 0
50 62 0
51 16 0
52 23 0
53 36 0
54 17 0
55 14 0
56 22 0
57 31 0
58 38 0
59 9 0
60 57 0
61 14 0
62 21 0
63 7 0
64 24 0
65 4 0
66 2 0
67 1 0
68 26 0
69 10 0
70 8 0
71 1 0
72 18 0
73 16 0
74 22 0
75 8 0
76 34 0
77 27 14
78 15 17
79 14 24
80 31 27
81 57 48
82 24 38
83 17 34
84 5 16
85 7 18
86 34 51
87 28 28
88 34 34
89 33 32
90 17 29
91 18 24
92 39 54
93 11 16
94 18 37
95 15 47
96 21 28
97 22 30
98 46 46
99 16 18
100 15 28
101 17 27
102 17 24
103 33 50
104 35 52
105 27 38
106 38 45
107 25 49
108 17 29
109 55 60
110 24 28
111 27 51
112 15 34
113 32 36
114 35 52
115 18 22
116 21 41
117 66 70
118 38 56
119 36 41
120 27 32
121 26 45
122 3 20
123 6 13
124 30 31
125 29 27
126 62 30
127 28 44
128 20 31
129 36 41
130 31 48
131 39 38
132 2 15
133 12 33
134 29 48
135 12 16
136 34 40
137 63 67
138 38 36
139 33 40
140 22 34
141 13 12
142 14 40
143 7 11
144 11 31
145 10 24
146 34 47
147 63 64
148 17 21
149 17 38
150 17 37
151 43 32
152 56 44
153 31 34
154 39 35
155 18 37
156 13 30
157 46 60
158 37 35
159 39 41
160 51 41
161 46 41
162 17 21
163 64 79
164 64 69
165 69 73
166 46 55
167 36 68
168 42 72
169 27 57
170 41 76
171 48 105
172 48 52
173 50 48
174 20 43
175 56 34
176 37 32
177 24 21
178 11 13
179 15 47
180 60 62
181 21 39
182 25 44
183 35 34
184 23 25
185 31 50
186 27 25
187 34 55
188 73 88
189 73 99
190 75 64
191 26 22
192 54 49
193 45 76
194 41 29
195 3 35
196 23 19
197 26 20
198 62 78
199 66 37
200 19 21
201 9 17
202 9 30
203 17 59
204 39 43
205 35 30
206 27 18
207 23 22
208 44 28
209 28 16
210 26 36
211 0 0
212 0 0
213 34 5
214 65 41
215 39 32
216 41 32
217 23 33
218 43 36
219 22 12
220 64 38
221 50 22
222 47 35
223 54 18
224 23 16
225 45 11
226 36 24
227 16 9
228 13 13
229 84 16
230 13 9
231 11 13
232 48 29
233 56 28
234 4 7
235 18 16
236 45 11
237 13 5
238 37 12
239 17 18
240 7 12
241 17 25
242 50 11
243 45 29
244 9 18
245 15 24
246 13 17
247 21 15
248 16 13
249 41 16
250 6 4
251 53 23
252 39 20
253 27 12
254 28 13
255 20 0
256 93 0
257 63 28
258 60 105
259 77 95
260 67 78
261 52 0
262 24 0
263 12 0
264 115 0
265 53 0
266 14 0
267 48 0
268 8 0
269 66 0
270 28 0
271 46 60
272 8 20
273 36 36
274 32 64
275 31 52
276 20 11
277 105 100
278 59 41
279 51 23
280 42 36
281 27 21
282 54 47
283 5 5
284 95 96
285 5 22
286 20 23
287 19 17
288 59 10
289 30 0
290 59 0
291 88 0
292 23 0
293 20 0
294 20 0
295 27 0
296 68 0
297 27 0
298 52 6
299 48 54
300 7 17
301 27 39
302 18 25
303 45 36
304 29 30
305 22 27
306 34 35
307 24 39
308 54 59
309 58 52
310 79 64
311 34 26
312 93 92
313 16 21
314 28 38
315 22 68
316 22 45
317 25 53
318 20 26
319 12 43
320 2 9
321 82 71
322 28 40
323 2 5
324 69 60
325 26 14
326 77 69
327 18 59
328 36 42
329 40 62
330 62 102
331 88 85
332 70 90
333 97 78
334 42 41
335 57 41
336 55 71
337 59 58
338 38 46
339 58 35
340 69 45
341 35 56
342 55 60
343 32 41
344 54 73
345 45 34
346 31 40
347 24 34
348 53 80
349 15 23
350 20 40
351 42 35
352 24 24
353 59 38
354 22 22
355 6 4
356 45 31
357 16 29
358 1 4
359 12 25
360 20 16
361 56 43
362 36 32
363 34 36
364 44 28
365 52 53
366 51 45
367 38 40
368 10 9
369 0 0
370 23 32
371 86 73
372 74 66
373 70 95
374 1 3
375 50 53
376 31 35
377 19 28
378 29 55
379 16 18
380 51 68
381 37 39
382 47 49
383 20 48
384 73 109
385 95 138
386 81 76
387 79 83
388 29 41
389 85 110
390 79 91
391 29 41
392 54 72
393 29 28
394 0 0
395 33 70
396 49 80
397 27 54
398 47 54
399 42 55
400 76 55
401 32 44
402 80 68
403 82 54
404 84 77
405 88 38
406 58 41
407 36 27
408 9 23
409 18 15
410 58 52
411 36 59
412 37 71
413 33 51
414 26 30
415 27 19
416 11 21
417 36 20
418 11 33
419 6 8
420 46 68
421 23 30
422 24 37
423 12 32
424 61 80
425 27 31
426 31 53
427 7 16
428 85 101
429 46 47
430 80 83
431 29 29
432 29 28
433 30 36
434 127 61
435 79 84
436 50 53
437 47 35
438 41 25
439 38 68
440 44 49
441 81 118
442 38 40
443 39 43
444 30 47
445 53 12
446 20 0
447 62 0
448 23 22
449 11 8
450 62 17
451 38 19
452 20 7
453 17 5
454 27 4
455 70 12
456 76 10
457 26 15
458 65 8
459 51 22
460 50 6
461 61 14
462 74 31
463 123 16
464 90 67
465 42 73
466 60 90
467 22 72
468 25 63
469 75 84
470 53 93
471 48 87
472 45 94
473 40 103
474 23 66
475 49 84
476 56 89
477 60 96
478 88 114
479 124 189
480 32 88
481 27 89
482 97 137
483 77 114
484 72 120
485 71 97
486 44 78
487 45 68
488 53 97
489 47 132
490 108 114
491 58 80
492 110 122
493 82 99
494 77 119
495 74 117
496 92 93
497 103 163
498 109 117
499 75 91
500 81 123
501 144 146
502 48 44
503 130 129
504 86 101
505 119 94
506 116 107
507 139 78
508 53 76
509 72 95
510 45 47
511 107 100
512 75 52
513 75 61
514 59 57
515 93 96
516 42 53
517 10 20
518 49 63
519 42 52
520 53 51
521 50 51
522 109 88
523 53 123
524 66 98
525 70 67
526 67 87
527 68 79
528 54 75
529 51 103
530 20 57
531 53 113
532 92 102
533 65 63
534 76 56
535 114 135
536 76 73
537 54 88
538 66 72
539 97 117
540 56 56
541 43 57
542 64 60
543 69 106
544 55 59
545 62 73
546 67 99
547 73 101
548 33 61
549 66 54
550 75 102
551 65 105
552 51 95
553 69 88
554 71 71
555 51 55
556 17 27
557 82 105
558 33 65
559 20 49
560 47 50
561 48 35
562 24 28
563 46 63
564 50 42
565 43 64
566 44 74
567 115 131
568 23 31
569 41 35
570 77 76
571 72 59
572 31 50
573 18 30
574 32 41
575 26 37
576 78 78
577 35 53
578 74 105
579 17 36
580 59 64
581 53 86
582 38 59
583 44 76
584 58 108
585 37 76
586 48 128
587 39 63
588 86 109
589 66 75
590 54 128
591 50 127
592 17 134
593 51 193
594 42 161
595 28 119
596 27 100
597 42 182
598 55 188
599 26 105
600 18 74
601 22 82
602 47 176
603 42 151
604 40 114
605 49 294
606 45 149
607 29 137
608 92 413
609 42 216
610 73 221
611 39 127
612 24 109
613 32 83
614 10 45
615 38 124
616 58 140
617 67 203
618 47 73
619 77 172
620 63 197
621 58 223
622 52 261
623 89 237
624 105 292
625 60 158
626 120 312
627 90 213
628 60 153
629 151 346
630 59 324
631 69 187
632 67 205
633 26 72
634 70 227
635 105 359
636 74 288
637 161 398
638 83 242
639 96 325
640 61 164
641 37 152
642 46 228
643 33 198
644 29 84
645 56 93
646 40 98
647 51 142
648 88 180
649 138 332
650 66 112
651 92 404
652 156 572
653 141 466
654 24 73
655 52 243
656 48 117
657 65 239
658 81 245
659 18 31
660 64 145
661 34 125
662 58 188
663 54 175
664 67 294
665 81 194
666 21 82
667 36 93
668 89 299
669 88 230
670 46 122
671 82 203
672 132 251
673 41 86
674 94 270
675 125 267
676 93 249
677 73 316
678 103 341
679 111 304
680 122 495
681 54 197
682 90 264
683 31 129
684 88 243
685 22 55
686 64 261
687 138 307
688 85 305
689 47 126
690 40 71
691 189 495
692 109 283
693 74 273
694 80 179
695 61 109
696 62 127
697 58 109
698 71 152
699 86 176
700 42 75
701 144 341
702 138 382
703 170 450
704 95 190
705 135 382
706 101 271
707 91 233
708 13 41
709 48 66
710 90 184
711 61 176
712 30 52
713 86 438
714 83 217
715 126 334
716 42 99
717 135 327
718 83 127
719 99 229
720 160 401
721 135 263
722 114 272
723 107 297
724 77 139
725 121 256
726 106 205
727 171 370
728 214 412
729 180 300
730 121 192
731 171 285
732 129 155
733 114 211
734 171 302
735 191 371
736 194 663
737 120 262
738 153 291
739 166 290
740 93 275
741 112 375
742 85 314
743 161 367
744 256 507
745 112 262
746 133 265
747 191 472
748 175 510
749 168 364
750 120 402
751 135 412
752 217 431
753 136 363
754 265 630
755 178 505
756 168 329
757 195 456
758 112 201
759 112 366
760 58 115
761 152 378
762 82 183
763 106 335
764 67 262
765 123 410
766 97 279
767 73 109
768 122 350
769 110 281
770 156 316
771 102 369
772 183 478
773 150 378
774 197 541
775 39 172
776 61 243
777 113 362
778 115 312
779 250 640
780 107 240
781 225 667
782 116 356
783 124 347
784 68 250
785 48 202
786 106 331
787 113 205
788 80 363
789 116 359
790 116 381
791 211 540
792 78 309
793 176 739
794 162 426
795 137 585
796 209 829
797 146 578
798 196 598
799 160 614
800 229 918
801 141 508
802 94 307
803 128 426
804 87 250
805 95 262
806 103 179
807 92 278
808 198 512
809 30 169
810 70 259
811 102 282
812 128 362
813 127 165
814 72 184
815 125 385
816 67 200
817 59 114
818 34 82
819 47 107
820 108 242
821 80 227
822 95 278
823 76 183
824 102 216
825 225 414
826 145 243
827 142 334
828 133 285
829 115 264
830 161 441
831 164 312
832 216 578
833 239 514
834 251 618
835 172 535
836 161 447
837 75 242
838 88 325
839 116 619
840 198 517
841 228 881
842 155 442
843 191 415
844 98 240
845 228 604
846 147 362
847 248 546
848 208 498
849 107 208
850 125 178
851 171 375
852 94 299
853 205 563
854 151 333
855 137 290
856 106 250
857 87 182
858 71 266
859 88 166
860 117 318
861 140 367
862 123 457
863 106 333
864 84 273
865 85 263
866 70 276
867 79 352
868 65 224
869 128 315
870 147 415
871 118 261
872 79 184
873 145 326
874 121 453
875 100 246
876 116 239
877 101 340
878 86 159
879 113 302
880 59 143
881 159 381
882 82 176
883 87 231
884 47 172
885 77 236
886 23 42
887 68 148
888 26 61
889 96 264
890 37 61
891 78 227
892 50 164
893 75 208
894 15 48
895 65 224
896 35 98
897 54 166
898 28 49
899 30 77
900 42 128
901 67 194
902 27 128
903 34 97
904 61 141
905 55 216
906 87 388
907 54 107
908 79 226
909 52 179
910 63 177
911 18 50
912 32 143
913 43 137
914 52 140
915 105 387
916 98 230
917 32 105
918 78 240
919 22 76
920 42 103
921 46 148
922 64 172
923 57 225
924 70 252
925 72 288
926 56 234
927 65 155
928 37 95
929 26 42
930 45 82
931 50 136
932 41 156
933 47 103
934 3 39
935 44 156
936 46 157
937 19 107
938 43 124
939 35 152
940 34 92
941 3 -4
942 74 221
