1587798343622737925
1588538640401018880
1589414958508691456
1589447828505784320
1590884973535711232
1591206480338116608
1593301248500936705
1597170780130852864
1602914925273182208
1603576251125362688
1603656085390270464
1607989683077758977
1611856501798215680
1633011448459964417
1644638493883211779
1646228065071292416
1651602599345373186
1655136115748220930
1655960805601361922
1659254437293039624
1659255118196355073
1662291539635126272
1662667558539886592
1666893801690914843
1676731476614815744
1684491212219359232
1687698537469898753
1716099814264328390
1719501487867670598
1723177188155908314
1725704866415141027
1725707584555143602
1726352120922964277
1727096607752282485
1730647732883194127
1731402917163287005
1733882978781053383
1733900953017872879
1744362153572803051
1745341987660689515
1748805765719003324
1752411016787361912
1760062586668687529
1761881852833419771
1764018190277836903
1767893060707381596
1770827197017625037
1772576907525067244
1787589564917490059
1792095601766945280
1797470272859275329
1800273632687521846
1820784815815160260
1821459846681788487
1826407741101109419
1836423451512590767
1837322819132076443
1838337595970847103
1846973288213332440
1847781244408365517
1848114357861019703
1848145052951859606
1848619558321459328
1848873068929946043
1853079087763341368
1859477251831533763
1859483544612913376
1859695994688110819
1866152110188048790
1866776699817562609
1866797259968614885
1868947894008791135
1871087378657599909
1872966697566736536
1875903315369967729
1876025643902885894
1876248727956111799
1878203372513136854
